structure(list(country = structure(c(3L, 3L, 3L, 3L, 3L, 3L, 
3L, 3L, 3L, 3L, 3L, 3L, 5L, 5L, 5L, 5L, 5L, 5L, 5L, 5L, 5L, 5L, 
5L, 5L, 4L, 4L, 4L, 4L, 4L, 4L, 4L, 4L, 4L, 4L, 4L, 4L, 1L, 1L, 
1L, 1L, 1L, 1L, 1L, 1L, 1L, 1L, 1L, 1L, 2L, 2L, 2L, 2L, 2L, 2L, 
2L, 2L, 2L, 2L, 2L, 2L), .Label = c("Haiti", "Iran", "Brazil", 
"Croatia", "Canada"), class = "factor", scores = structure(c(72.39, 
80.653, 75.748, 60.916, 70.964), .Dim = 5L, .Dimnames = list(
    c("Brazil", "Canada", "Croatia", "Haiti", "Iran")))), year = c(1952L, 
1957L, 1962L, 1967L, 1972L, 1977L, 1982L, 1987L, 1992L, 1997L, 
2002L, 2007L, 1952L, 1957L, 1962L, 1967L, 1972L, 1977L, 1982L, 
1987L, 1992L, 1997L, 2002L, 2007L, 1952L, 1957L, 1962L, 1967L, 
1972L, 1977L, 1982L, 1987L, 1992L, 1997L, 2002L, 2007L, 1952L, 
1957L, 1962L, 1967L, 1972L, 1977L, 1982L, 1987L, 1992L, 1997L, 
2002L, 2007L, 1952L, 1957L, 1962L, 1967L, 1972L, 1977L, 1982L, 
1987L, 1992L, 1997L, 2002L, 2007L), pop = c(56602560, 65551171, 
76039390, 88049823, 100840058, 114313951, 128962939, 142938076, 
155975974, 168546719, 179914212, 190010647, 14785584, 17010154, 
18985849, 20819767, 22284500, 23796400, 25201900, 26549700, 28523502, 
30305843, 31902268, 33390141, 3882229, 3991242, 4076557, 4174366, 
4225310, 4318673, 4413368, 4484310, 4494013, 4444595, 4481020, 
4493312, 3201488, 3507701, 3880130, 4318137, 4698301, 4908554, 
5198399, 5756203, 6326682, 6913545, 7607651, 8502814, 17272000, 
19792000, 22874000, 26538000, 30614000, 35480679, 43072751, 51889696, 
60397973, 63327987, 66907826, 69453570), continent = structure(c(1L, 
1L, 1L, 1L, 1L, 1L, 1L, 1L, 1L, 1L, 1L, 1L, 1L, 1L, 1L, 1L, 1L, 
1L, 1L, 1L, 1L, 1L, 1L, 1L, 3L, 3L, 3L, 3L, 3L, 3L, 3L, 3L, 3L, 
3L, 3L, 3L, 1L, 1L, 1L, 1L, 1L, 1L, 1L, 1L, 1L, 1L, 1L, 1L, 2L, 
2L, 2L, 2L, 2L, 2L, 2L, 2L, 2L, 2L, 2L, 2L), .Label = c("Americas", 
"Asia", "Europe"), class = "factor"), lifeExp = c(50.917, 53.285, 
55.665, 57.632, 59.504, 61.489, 63.336, 65.205, 67.057, 69.388, 
71.006, 72.39, 68.75, 69.96, 71.3, 72.13, 72.88, 74.21, 75.76, 
76.86, 77.95, 78.61, 79.77, 80.653, 61.21, 64.77, 67.13, 68.5, 
69.61, 70.64, 70.46, 71.52, 72.527, 73.68, 74.876, 75.748, 37.579, 
40.696, 43.59, 46.243, 48.042, 49.923, 51.461, 53.636, 55.089, 
56.671, 58.137, 60.916, 44.869, 47.181, 49.325, 52.469, 55.234, 
57.702, 59.62, 63.04, 65.742, 68.042, 69.451, 70.964), gdpPercap = c(2108.944355, 
2487.365989, 3336.585802, 3429.864357, 4985.711467, 6660.118654, 
7030.835878, 7807.095818, 6950.283021, 7957.980824, 8131.212843, 
9065.800825, 11367.16112, 12489.95006, 13462.48555, 16076.58803, 
18970.57086, 22090.88306, 22898.79214, 26626.51503, 26342.88426, 
28954.92589, 33328.96507, 36319.23501, 3119.23652, 4338.231617, 
5477.890018, 6960.297861, 9164.090127, 11305.38517, 13221.82184, 
13822.58394, 8447.794873, 9875.604515, 11628.38895, 14619.22272, 
1840.366939, 1726.887882, 1796.589032, 1452.057666, 1654.456946, 
1874.298931, 2011.159549, 1823.015995, 1456.309517, 1341.726931, 
1270.364932, 1201.637154, 3035.326002, 3290.257643, 4187.329802, 
5906.731805, 9613.818607, 11888.59508, 7608.334602, 6642.881371, 
7235.653188, 8263.590301, 9240.761975, 11605.71449)), class = "data.frame", .Names = c("country", 
"year", "pop", "continent", "lifeExp", "gdpPercap"), row.names = c(NA, 
-60L))
